{"autoClear":true,"clearColor":[0,0,0],"ambientColor":[0,0,0],"gravity":[0,-9.81,0],
"materials":[{"name":"lilly.Material","id":"lilly.Material","ambient":[0.8,0.8,0.8],"diffuse":[0.64,0.64,0.64],"specular":[0.5,0.5,0.5],"emissive":[0,0,0],"specularPower":50,"alpha":1,"backFaceCulling":true, "diffuseTexture":{"name":"face.png","level":1,"hasAlpha":1,"coordinatesMode":0,"uOffset":0,"vOffset":0,"uScale":1,"vScale":1,"uAng":0,"vAng":0,"wAng":0,"wrapU":1,"wrapV":1,"coordinatesIndex":0}},{"name":"lilly.Material.001","id":"lilly.Material.001","ambient":[0.0811,0.061,0.8],"diffuse":[0.0649,0.0488,0.64],"specular":[0.5,0.5,0.5],"emissive":[0,0,0],"specularPower":50,"alpha":1,"backFaceCulling":true},{"name":"lilly.Material.002","id":"lilly.Material.002","ambient":[0.1192,0.6474,0.8],"diffuse":[0.0954,0.5179,0.64],"specular":[0.5,0.5,0.5],"emissive":[0,0,0],"specularPower":50,"alpha":1,"backFaceCulling":true},{"name":"lilly.Material.003","id":"lilly.Material.003","ambient":[0.8,0.8,0.8],"diffuse":[0.64,0.64,0.64],"specular":[0.5,0.5,0.5],"emissive":[0,0,0],"specularPower":50,"alpha":1,"backFaceCulling":true, "diffuseTexture":{"name":"EYEBALL.png","level":1,"hasAlpha":1,"coordinatesMode":0,"uOffset":0,"vOffset":0,"uScale":1,"vScale":1,"uAng":0,"vAng":0,"wAng":0,"wrapU":1,"wrapV":1,"coordinatesIndex":0}}],
"multiMaterials":[{"name":"lilly.Multimaterial#0","id":"lilly.Multimaterial#0","materials":["lilly.Material.002","lilly.Material","lilly.Material.003","lilly.Material.001"]}],
"skeletons":[{"name":"Armature","id":0,"bones":[
{"name":"Bone","index":0,"matrix":[0.9999,0.0131,0.0001,0,-0.0131,0.9998,-0.013,0,0.0003,-0.013,-0.9999,0,0.1534,0.2206,0.0313,1],"parentBoneIndex":-1,"animation":{"dataType":3,"framePerSecond":24,"keys":[{"frame":0,"values":[0.9999,0.0131,0.0001,0,-0.0131,0.9998,-0.013,0,0.0003,-0.013,-0.9999,0,0.1534,0.2206,0.0313,1]},{"frame":120,"values":[0.9999,0.0131,0.0001,0,-0.0131,0.9998,-0.013,0,0.0003,-0.013,-0.9999,0,0.1534,0.2206,0.0313,1]}],"loopBehavior":1,"name":"anim","property":"_matrix"}},
{"name":"Bone.001","index":1,"matrix":[-0.9999,0.0131,-0.0003,0,-0.0125,-0.9466,0.3223,0,0.004,0.3222,0.9467,0,0.0681,-0.2384,0.3817,1],"parentBoneIndex":0,"animation":{"dataType":3,"framePerSecond":24,"keys":[{"frame":0,"values":[-0.9999,0.0131,-0.0003,0,-0.0125,-0.9466,0.3223,0,0.004,0.3222,0.9467,0,0.0681,-0.2384,0.3817,1]},{"frame":2,"values":[-0.9999,0.0102,-0.0003,0,-0.0098,-0.9466,0.3223,0,0.003,0.3223,0.9467,0,0.0697,-0.2384,0.3817,1]},{"frame":3,"values":[-1,0.0014,-0.0001,0,-0.0014,-0.9466,0.3223,0,0.0003,0.3223,0.9466,0,0.0744,-0.2384,0.3817,1]},{"frame":4,"values":[-0.9999,-0.0133,0,0,0.0126,-0.9466,0.3223,0,-0.0042,0.3222,0.9466,0,0.0824,-0.2386,0.3817,1]},{"frame":5,"values":[-0.9994,-0.0339,0.0003,0,0.0322,-0.9461,0.3223,0,-0.0106,0.3221,0.9467,0,0.0934,-0.2387,0.3817,1]},{"frame":6,"values":[-0.9982,-0.06,0.0007,0,0.057,-0.9449,0.3223,0,-0.0187,0.3217,0.9467,0,0.1074,-0.2389,0.3817,1]},{"frame":7,"values":[-0.9958,-0.0911,0.0011,0,0.0865,-0.9427,0.3222,0,-0.0283,0.321,0.9467,0,0.1241,-0.2391,0.3817,1]},{"frame":8,"values":[-0.992,-0.1264,0.0015,0,0.1201,-0.939,0.3222,0,-0.0393,0.3198,0.9467,0,0.1431,-0.2394,0.3817,1]},{"frame":9,"values":[-0.9863,-0.1648,0.002,0,0.1567,-0.9336,0.3221,0,-0.0512,0.318,0.9467,0,0.1638,-0.2396,0.3817,1]},{"frame":10,"values":[-0.9787,-0.205,0.0025,0,0.1949,-0.9264,0.322,0,-0.0637,0.3157,0.9467,0,0.1856,-0.2399,0.3817,1]},{"frame":11,"values":[-0.9694,-0.2456,0.0031,0,0.2335,-0.9175,0.3219,0,-0.0763,0.3128,0.9468,0,0.2078,-0.2402,0.3817,1]},{"frame":12,"values":[-0.9585,-0.2851,0.0036,0,0.2711,-0.9072,0.3218,0,-0.0885,0.3094,0.9468,0,0.2296,-0.2405,0.3817,1]},{"frame":13,"values":[-0.9467,-0.3221,0.0041,0,0.3062,-0.896,0.3216,0,-0.1,0.3057,0.9469,0,0.2504,-0.2408,0.3817,1]},{"frame":14,"values":[-0.9347,-0.3555,0.0045,0,0.338,-0.8845,0.3215,0,-0.1103,0.302,0.9469,0,0.2693,-0.241,0.3817,1]},{"frame":15,"values":[-0.9231,-0.3845,0.0049,0,0.3656,-0.8735,0.3214,0,-0.1193,0.2984,0.9469,0,0.286,-0.2412,0.3817,1]},{"frame":16,"values":[-0.9127,-0.4085,0.0052,0,0.3884,-0.8637,0.3212,0,-0.1267,0.2952,0.947,0,0.3001,-0.2414,0.3817,1]},{"frame":17,"values":[-0.9041,-0.4272,0.0054,0,0.4061,-0.8555,0.3211,0,-0.1325,0.2926,0.947,0,0.3111,-0.2416,0.3817,1]},{"frame":18,"values":[-0.8978,-0.4405,0.0056,0,0.4188,-0.8494,0.3211,0,-0.1366,0.2906,0.947,0,0.3191,-0.2417,0.3817,1]},{"frame":19,"values":[-0.8938,-0.4483,0.0057,0,0.4263,-0.8457,0.321,0,-0.1391,0.2894,0.9471,0,0.3238,-0.2417,0.3817,1]},{"frame":20,"values":[-0.8925,-0.4509,0.0057,0,0.4287,-0.8445,0.321,0,-0.1399,0.289,0.9471,0,0.3254,-0.2417,0.3817,1]},{"frame":21,"values":[-0.8948,-0.4465,0.0057,0,0.4245,-0.8466,0.321,0,-0.1385,0.2897,0.9471,0,0.3238,-0.2417,0.3817,1]},{"frame":22,"values":[-0.9014,-0.4329,0.0055,0,0.4115,-0.853,0.3211,0,-0.1343,0.2917,0.947,0,0.3191,-0.2417,0.3817,1]},{"frame":23,"values":[-0.9122,-0.4098,0.0052,0,0.3896,-0.8631,0.3212,0,-0.1271,0.295,0.947,0,0.3113,-0.2416,0.3817,1]},{"frame":24,"values":[-0.9262,-0.3769,0.0048,0,0.3583,-0.8765,0.3214,0,-0.1169,0.2994,0.9469,0,0.3004,-0.2414,0.3817,1]},{"frame":25,"values":[-0.9425,-0.3341,0.0042,0,0.3176,-0.892,0.3216,0,-0.1037,0.3045,0.9469,0,0.2865,-0.2412,0.3817,1]},{"frame":26,"values":[-0.9595,-0.2815,0.0035,0,0.2677,-0.9082,0.3218,0,-0.0874,0.3097,0.9468,0,0.2698,-0.241,0.3817,1]},{"frame":27,"values":[-0.9755,-0.2199,0.0027,0,0.209,-0.9234,0.322,0,-0.0683,0.3147,0.9467,0,0.2508,-0.2408,0.3817,1]},{"frame":28,"values":[-0.9886,-0.1504,0.0018,0,0.143,-0.9358,0.3221,0,-0.0468,0.3187,0.9467,0,0.2299,-0.2405,0.3817,1]},{"frame":29,"values":[-0.9972,-0.0753,0.0009,0,0.0716,-0.9439,0.3222,0,-0.0235,0.3214,0.9467,0,0.2076,-0.2402,0.3817,1]},{"frame":30,"values":[-1,0.0028,-0.0002,0,-0.0027,-0.9466,0.3223,0,0.0008,0.3223,0.9466,0,0.1847,-0.2399,0.3817,1]},{"frame":31,"values":[-0.9967,0.081,-0.0012,0,-0.077,-0.9435,0.3222,0,0.025,0.3213,0.9467,0,0.1617,-0.2396,0.3817,1]},{"frame":32,"values":[-0.9877,0.1561,-0.0022,0,-0.1484,-0.935,0.3221,0,0.0483,0.3185,0.9467,0,0.1394,-0.2393,0.3817,1]},{"frame":33,"values":[-0.9743,0.2254,-0.0031,0,-0.2144,-0.9222,0.3219,0,0.0697,0.3143,0.9468,0,0.1185,-0.239,0.3817,1]},{"frame":34,"values":[-0.9579,0.287,-0.0039,0,-0.2729,-0.9067,0.3217,0,0.0888,0.3092,0.9468,0,0.0995,-0.2388,0.3817,1]},{"frame":35,"values":[-0.9406,0.3395,-0.0045,0,-0.3228,-0.8902,0.3215,0,0.1051,0.3039,0.9469,0,0.0829,-0.2386,0.3817,1]},{"frame":36,"values":[-0.9241,0.3822,-0.0051,0,-0.3634,-0.8745,0.3213,0,0.1183,0.2987,0.947,0,0.069,-0.2384,0.3817,1]},{"frame":37,"values":[-0.9098,0.415,-0.0055,0,-0.3946,-0.8609,0.3211,0,0.1285,0.2943,0.947,0,0.058,-0.2382,0.3817,1]},{"frame":38,"values":[-0.899,0.438,-0.0058,0,-0.4165,-0.8506,0.321,0,0.1356,0.291,0.9471,0,0.0502,-0.2381,0.3817,1]},{"frame":39,"values":[-0.8922,0.4516,-0.006,0,-0.4294,-0.8442,0.3209,0,0.1398,0.2889,0.9471,0,0.0455,-0.2381,0.3817,1]},{"frame":40,"values":[-0.89,0.456,-0.006,0,-0.4336,-0.842,0.3209,0,0.1412,0.2882,0.9471,0,0.044,-0.238,0.3817,1]},{"frame":41,"values":[-0.8922,0.4516,-0.006,0,-0.4294,-0.8442,0.3209,0,0.1398,0.2889,0.9471,0,0.0455,-0.2381,0.3817,1]},{"frame":42,"values":[-0.899,0.438,-0.0058,0,-0.4165,-0.8506,0.321,0,0.1356,0.291,0.9471,0,0.0502,-0.2381,0.3817,1]},{"frame":43,"values":[-0.9098,0.415,-0.0055,0,-0.3946,-0.8609,0.3211,0,0.1285,0.2943,0.947,0,0.058,-0.2382,0.3817,1]},{"frame":44,"values":[-0.9241,0.3822,-0.0051,0,-0.3634,-0.8745,0.3213,0,0.1183,0.2987,0.947,0,0.069,-0.2384,0.3817,1]},{"frame":45,"values":[-0.9406,0.3395,-0.0045,0,-0.3228,-0.8902,0.3215,0,0.1051,0.3039,0.9469,0,0.0829,-0.2386,0.3817,1]},{"frame":46,"values":[-0.9579,0.287,-0.0039,0,-0.2729,-0.9067,0.3217,0,0.0888,0.3092,0.9468,0,0.0995,-0.2388,0.3817,1]},{"frame":47,"values":[-0.9743,0.2254,-0.0031,0,-0.2144,-0.9222,0.3219,0,0.0697,0.3143,0.9468,0,0.1185,-0.239,0.3817,1]},{"frame":48,"values":[-0.9877,0.1561,-0.0022,0,-0.1484,-0.935,0.3221,0,0.0483,0.3185,0.9467,0,0.1394,-0.2393,0.3817,1]},{"frame":49,"values":[-0.9967,0.081,-0.0012,0,-0.077,-0.9435,0.3222,0,0.025,0.3213,0.9467,0,0.1617,-0.2396,0.3817,1]},{"frame":50,"values":[-1,0.0028,-0.0002,0,-0.0027,-0.9466,0.3223,0,0.0008,0.3223,0.9466,0,0.1847,-0.2399,0.3817,1]},{"frame":51,"values":[-0.9972,-0.0753,0.0009,0,0.0716,-0.9439,0.3222,0,-0.0235,0.3214,0.9467,0,0.2076,-0.2402,0.3817,1]},{"frame":52,"values":[-0.9886,-0.1504,0.0018,0,0.143,-0.9358,0.3221,0,-0.0468,0.3187,0.9467,0,0.2299,-0.2405,0.3817,1]},{"frame":53,"values":[-0.9755,-0.2199,0.0027,0,0.209,-0.9234,0.322,0,-0.0683,0.3147,0.9467,0,0.2508,-0.2408,0.3817,1]},{"frame":54,"values":[-0.9595,-0.2815,0.0035,0,0.2677,-0.9082,0.3218,0,-0.0874,0.3097,0.9468,0,0.2698,-0.241,0.3817,1]},{"frame":55,"values":[-0.9425,-0.3341,0.0042,0,0.3176,-0.892,0.3216,0,-0.1037,0.3045,0.9469,0,0.2865,-0.2412,0.3817,1]},{"frame":56,"values":[-0.9262,-0.3769,0.0048,0,0.3583,-0.8765,0.3214,0,-0.1169,0.2994,0.9469,0,0.3004,-0.2414,0.3817,1]},{"frame":57,"values":[-0.9122,-0.4098,0.0052,0,0.3896,-0.8631,0.3212,0,-0.1271,0.295,0.947,0,0.3113,-0.2416,0.3817,1]},{"frame":58,"values":[-0.9014,-0.4329,0.0055,0,0.4115,-0.853,0.3211,0,-0.1343,0.2917,0.947,0,0.3191,-0.2417,0.3817,1]},{"frame":59,"values":[-0.8948,-0.4465,0.0057,0,0.4245,-0.8466,0.321,0,-0.1385,0.2897,0.9471,0,0.3238,-0.2417,0.3817,1]},{"frame":60,"values":[-0.8925,-0.4509,0.0057,0,0.4287,-0.8445,0.321,0,-0.1399,0.289,0.9471,0,0.3254,-0.2417,0.3817,1]},{"frame":61,"values":[-0.8932,-0.4497,0.0057,0,0.4275,-0.8451,0.321,0,-0.1395,0.2892,0.9471,0,0.3243,-0.2417,0.3817,1]},{"frame":62,"values":[-0.895,-0.446,0.0057,0,0.424,-0.8468,0.321,0,-0.1384,0.2897,0.9471,0,0.3212,-0.2417,0.3817,1]},{"frame":63,"values":[-0.8979,-0.4402,0.0056,0,0.4185,-0.8496,0.3211,0,-0.1366,0.2906,0.947,0,0.3164,-0.2416,0.3817,1]},{"frame":64,"values":[-0.9017,-0.4324,0.0055,0,0.4111,-0.8532,0.3211,0,-0.1341,0.2918,0.947,0,0.31,-0.2415,0.3817,1]},{"frame":65,"values":[-0.9063,-0.4227,0.0054,0,0.4019,-0.8575,0.3212,0,-0.1311,0.2932,0.947,0,0.3023,-0.2414,0.3817,1]},{"frame":66,"values":[-0.9115,-0.4112,0.0052,0,0.3909,-0.8625,0.3212,0,-0.1276,0.2949,0.947,0,0.2933,-0.2413,0.3817,1]},{"frame":67,"values":[-0.9174,-0.398,0.0051,0,0.3783,-0.8681,0.3213,0,-0.1235,0.2967,0.947,0,0.2832,-0.2412,0.3817,1]},{"frame":68,"values":[-0.9238,-0.383,0.0049,0,0.3641,-0.8742,0.3214,0,-0.1188,0.2986,0.9469,0,0.2721,-0.241,0.3817,1]},{"frame":69,"values":[-0.9305,-0.3662,0.0046,0,0.3482,-0.8806,0.3215,0,-0.1136,0.3007,0.9469,0,0.26,-0.2409,0.3817,1]},{"frame":70,"values":[-0.9376,-0.3477,0.0044,0,0.3305,-0.8873,0.3215,0,-0.1079,0.3029,0.9469,0,0.2471,-0.2407,0.3817,1]},{"frame":71,"values":[-0.9449,-0.3273,0.0041,0,0.3112,-0.8943,0.3216,0,-0.1016,0.3052,0.9469,0,0.2333,-0.2405,0.3817,1]},{"frame":72,"values":[-0.9524,-0.3049,0.0038,0,0.2899,-0.9014,0.3217,0,-0.0946,0.3075,0.9468,0,0.2189,-0.2403,0.3817,1]},{"frame":73,"values":[-0.9599,-0.2804,0.0035,0,0.2666,-0.9085,0.3218,0,-0.087,0.3098,0.9468,0,0.2037,-0.2401,0.3817,1]},{"frame":74,"values":[-0.9673,-0.2536,0.0032,0,0.2411,-0.9156,0.3219,0,-0.0787,0.3121,0.9468,0,0.1879,-0.2399,0.3817,1]},{"frame":75,"values":[-0.9746,-0.2241,0.0028,0,0.2131,-0.9225,0.322,0,-0.0696,0.3144,0.9467,0,0.1714,-0.2397,0.3817,1]},{"frame":76,"values":[-0.9815,-0.1915,0.0024,0,0.182,-0.9291,0.3221,0,-0.0595,0.3165,0.9467,0,0.1545,-0.2395,0.3817,1]},{"frame":77,"values":[-0.9879,-0.1548,0.0019,0,0.1472,-0.9352,0.3221,0,-0.0481,0.3185,0.9467,0,0.137,-0.2393,0.3817,1]},{"frame":78,"values":[-0.9936,-0.1126,0.0013,0,0.1071,-0.9406,0.3222,0,-0.035,0.3203,0.9467,0,0.1192,-0.239,0.3817,1]},{"frame":79,"values":[-0.9981,-0.0614,0.0007,0,0.0583,-0.9449,0.3223,0,-0.0192,0.3217,0.9467,0,0.1012,-0.2388,0.3817,1]},{"frame":80,"values":[-0.9999,0.0131,-0.0003,0,-0.0125,-0.9466,0.3223,0,0.004,0.3222,0.9467,0,0.084,-0.2386,0.3817,1]},{"frame":81,"values":[-0.9795,0.2015,-0.0027,0,-0.1917,-0.9271,0.322,0,0.0623,0.3159,0.9467,0,0.0665,-0.1457,0.3476,1]},{"frame":82,"values":[-0.9233,0.384,-0.0051,0,-0.3651,-0.8738,0.3213,0,0.1189,0.2985,0.947,0,0.0241,0.0086,0.2926,1]},{"frame":83,"values":[-0.9277,0.3734,-0.005,0,-0.3551,-0.8779,0.3213,0,0.1156,0.2998,0.947,0,-0.0274,0.0602,0.2835,1]},{"frame":84,"values":[-0.9521,0.3057,-0.0041,0,-0.2907,-0.9011,0.3216,0,0.0946,0.3074,0.9469,0,-0.0547,0.0855,0.2916,1]},{"frame":85,"values":[-0.9526,-0.3043,0.0038,0,0.2893,-0.9016,0.3217,0,-0.0944,0.3076,0.9468,0,0.1952,0.1305,0.2911,1]},{"frame":86,"values":[-0.9999,0.0131,-0.0003,0,-0.0125,-0.9466,0.3223,0,0.004,0.3222,0.9467,0,0.112,-0.082,0.2938,1]},{"frame":87,"values":[-0.9999,0.0131,-0.0003,0,-0.0125,-0.9466,0.3223,0,0.004,0.3222,0.9467,0,0.1048,-0.1245,0.3092,1]},{"frame":88,"values":[-0.9999,0.0131,-0.0003,0,-0.0125,-0.9466,0.3223,0,0.004,0.3222,0.9467,0,0.1011,-0.1462,0.3178,1]},{"frame":89,"values":[-0.9999,0.0131,-0.0003,0,-0.0125,-0.9466,0.3223,0,0.004,0.3222,0.9467,0,0.0984,-0.1616,0.3245,1]},{"frame":90,"values":[-0.9999,0.0131,-0.0003,0,-0.0125,-0.9466,0.3223,0,0.004,0.3222,0.9467,0,0.0963,-0.1738,0.3301,1]},{"frame":91,"values":[-0.9999,0.0131,-0.0003,0,-0.0125,-0.9466,0.3223,0,0.004,0.3222,0.9467,0,0.0946,-0.1837,0.3349,1]},{"frame":92,"values":[-0.9999,0.0131,-0.0003,0,-0.0125,-0.9466,0.3223,0,0.004,0.3222,0.9467,0,0.0931,-0.1921,0.3393,1]},{"frame":93,"values":[-0.9999,0.0131,-0.0003,0,-0.0125,-0.9466,0.3223,0,0.004,0.3222,0.9467,0,0.0918,-0.1992,0.3432,1]},{"frame":94,"values":[-0.9999,0.0131,-0.0003,0,-0.0125,-0.9466,0.3223,0,0.004,0.3222,0.9467,0,0.0907,-0.2053,0.3469,1]},{"frame":95,"values":[-0.9999,0.0131,-0.0003,0,-0.0125,-0.9466,0.3223,0,0.004,0.3222,0.9467,0,0.0897,-0.2107,0.3502,1]},{"frame":96,"values":[-0.9999,0.0131,-0.0003,0,-0.0125,-0.9466,0.3223,0,0.004,0.3222,0.9467,0,0.0889,-0.2153,0.3534,1]},{"frame":97,"values":[-0.9999,0.0131,-0.0003,0,-0.0125,-0.9466,0.3223,0,0.004,0.3222,0.9467,0,0.0881,-0.2194,0.3563,1]},{"frame":98,"values":[-0.9999,0.0131,-0.0003,0,-0.0125,-0.9466,0.3223,0,0.004,0.3222,0.9467,0,0.0874,-0.2229,0.3591,1]},{"frame":99,"values":[-0.9999,0.0131,-0.0003,0,-0.0125,-0.9466,0.3223,0,0.004,0.3222,0.9467,0,0.0868,-0.226,0.3617,1]},{"frame":100,"values":[-0.9999,0.0131,-0.0003,0,-0.0125,-0.9466,0.3223,0,0.004,0.3222,0.9467,0,0.0863,-0.2287,0.3642,1]},{"frame":101,"values":[-0.9999,0.0131,-0.0003,0,-0.0125,-0.9466,0.3223,0,0.004,0.3222,0.9467,0,0.0859,-0.231,0.3665,1]},{"frame":102,"values":[-0.9999,0.0131,-0.0003,0,-0.0125,-0.9466,0.3223,0,0.004,0.3222,0.9467,0,0.0854,-0.233,0.3688,1]},{"frame":103,"values":[-0.9999,0.0131,-0.0003,0,-0.0125,-0.9466,0.3223,0,0.004,0.3222,0.9467,0,0.0851,-0.2346,0.3709,1]},{"frame":104,"values":[-0.9999,0.0131,-0.0003,0,-0.0125,-0.9466,0.3223,0,0.004,0.3222,0.9467,0,0.0848,-0.236,0.3728,1]},{"frame":105,"values":[-0.9999,0.0131,-0.0003,0,-0.0125,-0.9466,0.3223,0,0.004,0.3222,0.9467,0,0.0845,-0.237,0.3747,1]},{"frame":106,"values":[-0.9999,0.0131,-0.0003,0,-0.0125,-0.9466,0.3223,0,0.004,0.3222,0.9467,0,0.0843,-0.2378,0.3765,1]},{"frame":107,"values":[-0.9999,0.0131,-0.0003,0,-0.0125,-0.9466,0.3223,0,0.004,0.3222,0.9467,0,0.0842,-0.2384,0.3781,1]},{"frame":108,"values":[-0.9999,0.0131,-0.0003,0,-0.0125,-0.9466,0.3223,0,0.004,0.3222,0.9467,0,0.0841,-0.2386,0.3796,1]},{"frame":109,"values":[-0.9999,0.0131,-0.0003,0,-0.0125,-0.9466,0.3223,0,0.004,0.3222,0.9467,0,0.084,-0.2387,0.3809,1]},{"frame":110,"values":[-0.9999,0.0131,-0.0003,0,-0.0125,-0.9466,0.3223,0,0.004,0.3222,0.9467,0,0.084,-0.2386,0.3817,1]},{"frame":120,"values":[-0.9999,0.0131,-0.0003,0,-0.0125,-0.9466,0.3223,0,0.004,0.3222,0.9467,0,0.084,-0.2386,0.3817,1]}],"loopBehavior":1,"name":"anim","property":"_matrix"}},
{"name":"Bone.002","index":2,"matrix":[0.8006,-0.1378,0.5831,0,-0.018,-0.9783,-0.2065,0,0.5989,0.1549,-0.7857,0,0.0254,-0.2764,-0.3477,1],"parentBoneIndex":0,"animation":{"dataType":3,"framePerSecond":24,"keys":[{"frame":0,"values":[0.8006,-0.1378,0.5831,0,-0.018,-0.9783,-0.2065,0,0.5989,0.1549,-0.7857,0,0.0254,-0.2764,-0.3477,1]},{"frame":2,"values":[0.8003,-0.1394,0.5831,0,-0.0199,-0.9782,-0.2065,0,0.5992,0.1536,-0.7857,0,0.0254,-0.2764,-0.3477,1]},{"frame":3,"values":[0.7994,-0.1443,0.5832,0,-0.0259,-0.9781,-0.2065,0,0.6002,0.15,-0.7856,0,0.0254,-0.2764,-0.3477,1]},{"frame":4,"values":[0.7978,-0.1524,0.5833,0,-0.0358,-0.9778,-0.2065,0,0.6018,0.1439,-0.7856,0,0.0254,-0.2764,-0.3477,1]},{"frame":5,"values":[0.7955,-0.1637,0.5835,0,-0.0497,-0.9772,-0.2065,0,0.604,0.1353,-0.7854,0,0.0254,-0.2764,-0.3477,1]},{"frame":6,"values":[0.7923,-0.178,0.5836,0,-0.0672,-0.9761,-0.2065,0,0.6065,0.1244,-0.7853,0,0.0254,-0.2764,-0.3477,1]},{"frame":7,"values":[0.7881,-0.195,0.5839,0,-0.0881,-0.9745,-0.2066,0,0.6092,0.1113,-0.7851,0,0.0254,-0.2764,-0.3477,1]},{"frame":8,"values":[0.7829,-0.2142,0.5841,0,-0.1118,-0.972,-0.2066,0,0.612,0.0964,-0.7849,0,0.0254,-0.2764,-0.3477,1]},{"frame":9,"values":[0.7767,-0.235,0.5844,0,-0.1376,-0.9687,-0.2066,0,0.6146,0.0801,-0.7847,0,0.0254,-0.2764,-0.3477,1]},{"frame":10,"values":[0.7696,-0.2567,0.5847,0,-0.1647,-0.9644,-0.2067,0,0.6169,0.0628,-0.7845,0,0.0254,-0.2764,-0.3477,1]},{"frame":11,"values":[0.7617,-0.2786,0.5849,0,-0.1921,-0.9594,-0.2068,0,0.6188,0.0452,-0.7843,0,0.0254,-0.2764,-0.3477,1]},{"frame":12,"values":[0.7534,-0.2998,0.5852,0,-0.2188,-0.9536,-0.2068,0,0.6201,0.0278,-0.784,0,0.0254,-0.2764,-0.3477,1]},{"frame":13,"values":[0.7449,-0.3198,0.5855,0,-0.2441,-0.9474,-0.2069,0,0.6209,0.0112,-0.7838,0,0.0254,-0.2764,-0.3477,1]},{"frame":14,"values":[0.7367,-0.3379,0.5857,0,-0.2671,-0.9412,-0.207,0,0.6212,-0.0039,-0.7836,0,0.0254,-0.2764,-0.3477,1]},{"frame":15,"values":[0.7291,-0.3537,0.5859,0,-0.2872,-0.9352,-0.2071,0,0.6212,-0.0173,-0.7835,0,0.0254,-0.2764,-0.3477,1]},{"frame":16,"values":[0.7225,-0.3668,0.5861,0,-0.304,-0.9299,-0.2072,0,0.621,-0.0285,-0.7833,0,0.0254,-0.2764,-0.3477,1]},{"frame":17,"values":[0.7171,-0.3771,0.5862,0,-0.3172,-0.9254,-0.2072,0,0.6206,-0.0374,-0.7832,0,0.0254,-0.2764,-0.3477,1]},{"frame":18,"values":[0.7131,-0.3844,0.5863,0,-0.3267,-0.9221,-0.2073,0,0.6203,-0.0438,-0.7831,0,0.0254,-0.2764,-0.3477,1]},{"frame":19,"values":[0.7106,-0.3889,0.5864,0,-0.3324,-0.9201,-0.2073,0,0.6201,-0.0476,-0.7831,0,0.0254,-0.2764,-0.3477,1]},{"frame":20,"values":[0.7097,-0.3904,0.5864,0,-0.3345,-0.9193,-0.2073,0,0.62,-0.049,-0.783,0,0.0254,-0.2764,-0.3477,1]},{"frame":21,"values":[0.7113,-0.3876,0.5864,0,-0.3308,-0.9206,-0.2073,0,0.6202,-0.0465,-0.7831,0,0.0267,-0.276,-0.3477,1]},{"frame":22,"values":[0.7162,-0.3787,0.5862,0,-0.3193,-0.9247,-0.2072,0,0.6206,-0.0388,-0.7832,0,0.0306,-0.2749,-0.3477,1]},{"frame":23,"values":[0.7242,-0.3635,0.586,0,-0.2998,-0.9312,-0.2071,0,0.621,-0.0257,-0.7834,0,0.0371,-0.2729,-0.3477,1]},{"frame":24,"values":[0.7348,-0.3419,0.5858,0,-0.2721,-0.9397,-0.207,0,0.6212,-0.0073,-0.7836,0,0.0462,-0.2703,-0.3478,1]},{"frame":25,"values":[0.7476,-0.3137,0.5854,0,-0.2364,-0.9494,-0.2069,0,0.6207,0.0163,-0.7839,0,0.0578,-0.2668,-0.3478,1]},{"frame":26,"values":[0.7615,-0.2792,0.585,0,-0.1928,-0.9592,-0.2068,0,0.6188,0.0446,-0.7843,0,0.0716,-0.2627,-0.3479,1]},{"frame":27,"values":[0.7755,-0.2387,0.5844,0,-0.1423,-0.968,-0.2066,0,0.6151,0.0771,-0.7847,0,0.0874,-0.2581,-0.3479,1]},{"frame":28,"values":[0.7885,-0.1932,0.5838,0,-0.0859,-0.9747,-0.2066,0,0.609,0.1127,-0.7852,0,0.1048,-0.2529,-0.348,1]},{"frame":29,"values":[0.7995,-0.1438,0.5832,0,-0.0253,-0.9781,-0.2065,0,0.6001,0.1504,-0.7856,0,0.1234,-0.2474,-0.348,1]},{"frame":30,"values":[0.8076,-0.0921,0.5825,0,0.0374,-0.9777,-0.2065,0,0.5886,0.1886,-0.7861,0,0.1425,-0.2418,-0.3481,1]},{"frame":31,"values":[0.8123,-0.0401,0.5819,0,0.0999,-0.9733,-0.2065,0,0.5746,0.2259,-0.7866,0,0.1616,-0.2361,-0.3482,1]},{"frame":32,"values":[0.8137,0.0104,0.5812,0,0.16,-0.9652,-0.2066,0,0.5588,0.2611,-0.7871,0,0.1801,-0.2306,-0.3483,1]},{"frame":33,"values":[0.8122,0.0577,0.5806,0,0.2156,-0.9543,-0.2068,0,0.5421,0.2931,-0.7875,0,0.1975,-0.2255,-0.3483,1]},{"frame":34,"values":[0.8084,0.1002,0.58,0,0.2652,-0.9417,-0.2069,0,0.5255,0.3211,-0.7879,0,0.2133,-0.2208,-0.3484,1]},{"frame":35,"values":[0.8033,0.137,0.5795,0,0.3078,-0.9286,-0.2071,0,0.5098,0.3448,-0.7882,0,0.2271,-0.2167,-0.3484,1]},{"frame":36,"values":[0.7979,0.1674,0.5792,0,0.3427,-0.9163,-0.2073,0,0.496,0.3638,-0.7884,0,0.2387,-0.2133,-0.3485,1]},{"frame":37,"values":[0.7928,0.1909,0.5788,0,0.3696,-0.9058,-0.2074,0,0.4847,0.3783,-0.7886,0,0.2478,-0.2106,-0.3485,1]},{"frame":38,"values":[0.7887,0.2077,0.5786,0,0.3886,-0.8977,-0.2075,0,0.4764,0.3885,-0.7888,0,0.2543,-0.2087,-0.3485,1]},{"frame":39,"values":[0.7861,0.2176,0.5785,0,0.3998,-0.8928,-0.2076,0,0.4713,0.3945,-0.7888,0,0.2582,-0.2075,-0.3485,1]},{"frame":40,"values":[0.7852,0.2209,0.5785,0,0.4035,-0.8911,-0.2076,0,0.4696,0.3964,-0.7889,0,0.2595,-0.2071,-0.3486,1]},{"frame":41,"values":[0.7861,0.2176,0.5785,0,0.3998,-0.8928,-0.2076,0,0.4713,0.3945,-0.7888,0,0.2582,-0.2075,-0.3485,1]},{"frame":42,"values":[0.7887,0.2077,0.5786,0,0.3886,-0.8977,-0.2075,0,0.4764,0.3885,-0.7888,0,0.2543,-0.2087,-0.3485,1]},{"frame":43,"values":[0.7928,0.1909,0.5788,0,0.3696,-0.9058,-0.2074,0,0.4847,0.3783,-0.7886,0,0.2478,-0.2106,-0.3485,1]},{"frame":44,"values":[0.7979,0.1674,0.5792,0,0.3426,-0.9163,-0.2073,0,0.496,0.3638,-0.7884,0,0.2387,-0.2133,-0.3485,1]},{"frame":45,"values":[0.8033,0.137,0.5795,0,0.3078,-0.9286,-0.2071,0,0.5098,0.3447,-0.7882,0,0.2271,-0.2167,-0.3484,1]},{"frame":46,"values":[0.8084,0.1002,0.58,0,0.2652,-0.9417,-0.2069,0,0.5255,0.3211,-0.7879,0,0.2133,-0.2208,-0.3484,1]},{"frame":47,"values":[0.8122,0.0577,0.5806,0,0.2156,-0.9543,-0.2068,0,0.5421,0.2931,-0.7875,0,0.1975,-0.2255,-0.3483,1]},{"frame":48,"values":[0.8137,0.0104,0.5812,0,0.16,-0.9653,-0.2066,0,0.5588,0.2611,-0.7871,0,0.1801,-0.2306,-0.3483,1]},{"frame":49,"values":[0.8123,-0.0401,0.5819,0,0.0999,-0.9733,-0.2065,0,0.5746,0.2259,-0.7866,0,0.1616,-0.2361,-0.3482,1]},{"frame":50,"values":[0.8076,-0.0921,0.5825,0,0.0374,-0.9777,-0.2065,0,0.5886,0.1886,-0.7861,0,0.1425,-0.2418,-0.3481,1]},{"frame":51,"values":[0.7995,-0.1438,0.5832,0,-0.0253,-0.9781,-0.2065,0,0.6001,0.1504,-0.7856,0,0.1234,-0.2474,-0.348,1]},{"frame":52,"values":[0.7885,-0.1932,0.5838,0,-0.0859,-0.9747,-0.2066,0,0.609,0.1128,-0.7852,0,0.1048,-0.2529,-0.348,1]},{"frame":53,"values":[0.7755,-0.2387,0.5844,0,-0.1423,-0.968,-0.2066,0,0.6151,0.0771,-0.7847,0,0.0874,-0.2581,-0.3479,1]},{"frame":54,"values":[0.7615,-0.2792,0.585,0,-0.1928,-0.9592,-0.2068,0,0.6188,0.0447,-0.7843,0,0.0716,-0.2627,-0.3479,1]},{"frame":55,"values":[0.7476,-0.3137,0.5854,0,-0.2364,-0.9494,-0.2069,0,0.6207,0.0163,-0.7839,0,0.0578,-0.2668,-0.3478,1]},{"frame":56,"values":[0.7349,-0.3419,0.5858,0,-0.2721,-0.9397,-0.207,0,0.6212,-0.0073,-0.7836,0,0.0462,-0.2703,-0.3478,1]},{"frame":57,"values":[0.7242,-0.3635,0.586,0,-0.2998,-0.9312,-0.2071,0,0.621,-0.0257,-0.7834,0,0.0371,-0.2729,-0.3477,1]},{"frame":58,"values":[0.7162,-0.3787,0.5862,0,-0.3193,-0.9247,-0.2072,0,0.6206,-0.0388,-0.7832,0,0.0306,-0.2749,-0.3477,1]},{"frame":59,"values":[0.7113,-0.3876,0.5864,0,-0.3308,-0.9206,-0.2073,0,0.6202,-0.0465,-0.7831,0,0.0267,-0.276,-0.3477,1]},{"frame":60,"values":[0.7097,-0.3904,0.5864,0,-0.3345,-0.9193,-0.2073,0,0.62,-0.049,-0.783,0,0.0254,-0.2764,-0.3477,1]},{"frame":61,"values":[0.7101,-0.3898,0.5864,0,-0.3337,-0.9196,-0.2073,0,0.6201,-0.0485,-0.7831,0,0.0254,-0.2764,-0.3477,1]},{"frame":62,"values":[0.7109,-0.3883,0.5864,0,-0.3317,-0.9203,-0.2073,0,0.6201,-0.0471,-0.7831,0,0.0254,-0.2764,-0.3477,1]},{"frame":63,"values":[0.7123,-0.3859,0.5863,0,-0.3286,-0.9215,-0.2073,0,0.6203,-0.045,-0.7831,0,0.0254,-0.2764,-0.3477,1]},{"frame":64,"values":[0.714,-0.3826,0.5863,0,-0.3244,-0.9229,-0.2073,0,0.6204,-0.0422,-0.7831,0,0.0254,-0.2764,-0.3477,1]},{"frame":65,"values":[0.7162,-0.3786,0.5862,0,-0.3192,-0.9248,-0.2072,0,0.6206,-0.0387,-0.7832,0,0.0254,-0.2764,-0.3477,1]},{"frame":66,"values":[0.7188,-0.3738,0.5862,0,-0.313,-0.9269,-0.2072,0,0.6208,-0.0345,-0.7832,0,0.0254,-0.2764,-0.3477,1]},{"frame":67,"values":[0.7218,-0.3681,0.5861,0,-0.3057,-0.9293,-0.2072,0,0.6209,-0.0297,-0.7833,0,0.0254,-0.2764,-0.3477,1]},{"frame":68,"values":[0.7251,-0.3616,0.586,0,-0.2974,-0.932,-0.2071,0,0.6211,-0.0241,-0.7834,0,0.0254,-0.2764,-0.3477,1]},{"frame":69,"values":[0.7288,-0.3543,0.5859,0,-0.288,-0.935,-0.2071,0,0.6212,-0.0178,-0.7835,0,0.0254,-0.2764,-0.3477,1]},{"frame":70,"values":[0.7329,-0.346,0.5858,0,-0.2774,-0.9382,-0.2071,0,0.6212,-0.0107,-0.7835,0,0.0254,-0.2764,-0.3477,1]},{"frame":71,"values":[0.7373,-0.3366,0.5857,0,-0.2655,-0.9416,-0.207,0,0.6212,-0.0029,-0.7836,0,0.0254,-0.2764,-0.3477,1]},{"frame":72,"values":[0.7421,-0.3262,0.5856,0,-0.2522,-0.9453,-0.207,0,0.621,0.0059,-0.7838,0,0.0254,-0.2764,-0.3477,1]},{"frame":73,"values":[0.7473,-0.3144,0.5854,0,-0.2373,-0.9491,-0.2069,0,0.6207,0.0157,-0.7839,0,0.0254,-0.2764,-0.3477,1]},{"frame":74,"values":[0.7529,-0.3012,0.5852,0,-0.2205,-0.9532,-0.2068,0,0.6201,0.0267,-0.784,0,0.0254,-0.2764,-0.3477,1]},{"frame":75,"values":[0.7589,-0.2861,0.585,0,-0.2015,-0.9574,-0.2068,0,0.6193,0.039,-0.7842,0,0.0254,-0.2764,-0.3477,1]},{"frame":76,"values":[0.7653,-0.2688,0.5848,0,-0.1797,-0.9617,-0.2067,0,0.618,0.0531,-0.7844,0,0.0254,-0.2764,-0.3477,1]},{"frame":77,"values":[0.7724,-0.2483,0.5846,0,-0.1542,-0.9662,-0.2067,0,0.6161,0.0695,-0.7846,0,0.0254,-0.2764,-0.3477,1]},{"frame":78,"values":[0.7802,-0.2235,0.5842,0,-0.1233,-0.9706,-0.2066,0,0.6132,0.0892,-0.7848,0,0.0254,-0.2764,-0.3477,1]},{"frame":79,"values":[0.7891,-0.1909,0.5838,0,-0.0831,-0.9749,-0.2065,0,0.6086,0.1145,-0.7852,0,0.0254,-0.2764,-0.3477,1]},{"frame":80,"values":[0.8006,-0.1378,0.5831,0,-0.018,-0.9783,-0.2065,0,0.5989,0.1549,-0.7857,0,0.0254,-0.2764,-0.3477,1]},{"frame":81,"values":[0.8137,0.015,0.5811,0,0.1654,-0.9643,-0.2067,0,0.5573,0.2643,-0.7871,0,-0.0507,-0.1815,-0.3888,1]},{"frame":82,"values":[0.8095,0.0905,0.5802,0,0.2539,-0.9448,-0.2069,0,0.5294,0.3148,-0.7878,0,-0.1205,-0.028,-0.4246,1]},{"frame":83,"values":[0.8075,0.1082,0.5799,0,0.2744,-0.9391,-0.207,0,0.5222,0.3263,-0.7879,0,0.0182,0.0652,-0.4252,1]},{"frame":84,"values":[0.8071,0.1109,0.5799,0,0.2776,-0.9381,-0.207,0,0.5211,0.328,-0.788,0,0.1466,0.0972,-0.4262,1]},{"frame":85,"values":[0.6305,-0.5068,0.5879,0,-0.4874,-0.848,-0.2083,0,0.6041,-0.1552,-0.7817,0,-0.2869,0.0829,-0.4261,1]},{"frame":86,"values":[0.8006,-0.1378,0.5831,0,-0.018,-0.9783,-0.2065,0,0.5989,0.1549,-0.7857,0,0.1184,-0.0858,-0.4239,1]},{"frame":87,"values":[0.8006,-0.1378,0.5831,0,-0.018,-0.9783,-0.2065,0,0.5989,0.1549,-0.7857,0,0.1155,-0.1268,-0.4296,1]},{"frame":88,"values":[0.8006,-0.1378,0.5831,0,-0.018,-0.9783,-0.2065,0,0.5989,0.1549,-0.7857,0,0.1118,-0.1488,-0.43,1]},{"frame":89,"values":[0.8006,-0.1378,0.5831,0,-0.018,-0.9783,-0.2065,0,0.5989,0.1549,-0.7857,0,0.1079,-0.1651,-0.4288,1]},{"frame":90,"values":[0.8006,-0.1378,0.5831,0,-0.018,-0.9783,-0.2065,0,0.5989,0.1549,-0.7857,0,0.1039,-0.1783,-0.4267,1]},{"frame":91,"values":[0.8006,-0.1378,0.5831,0,-0.018,-0.9783,-0.2065,0,0.5989,0.1549,-0.7857,0,0.0998,-0.1895,-0.424,1]},{"frame":92,"values":[0.8006,-0.1378,0.5831,0,-0.018,-0.9783,-0.2065,0,0.5989,0.1549,-0.7857,0,0.0957,-0.1992,-0.421,1]},{"frame":93,"values":[0.8006,-0.1378,0.5831,0,-0.018,-0.9783,-0.2065,0,0.5989,0.1549,-0.7857,0,0.0916,-0.2079,-0.4177,1]},{"frame":94,"values":[0.8006,-0.1378,0.5831,0,-0.018,-0.9783,-0.2065,0,0.5989,0.1549,-0.7857,0,0.0875,-0.2156,-0.4141,1]},{"frame":95,"values":[0.8006,-0.1378,0.5831,0,-0.018,-0.9783,-0.2065,0,0.5989,0.1549,-0.7857,0,0.0833,-0.2226,-0.4103,1]},{"frame":96,"values":[0.8006,-0.1378,0.5831,0,-0.018,-0.9783,-0.2065,0,0.5989,0.1549,-0.7857,0,0.0792,-0.2289,-0.4064,1]},{"frame":97,"values":[0.8006,-0.1378,0.5831,0,-0.018,-0.9783,-0.2065,0,0.5989,0.1549,-0.7857,0,0.075,-0.2347,-0.4024,1]},{"frame":98,"values":[0.8006,-0.1378,0.5831,0,-0.018,-0.9783,-0.2065,0,0.5989,0.1549,-0.7857,0,0.0708,-0.24,-0.3982,1]},{"frame":99,"values":[0.8006,-0.1378,0.5831,0,-0.018,-0.9783,-0.2065,0,0.5989,0.1549,-0.7857,0,0.0667,-0.2449,-0.394,1]},{"frame":100,"values":[0.8006,-0.1378,0.5831,0,-0.018,-0.9783,-0.2065,0,0.5989,0.1549,-0.7857,0,0.0625,-0.2494,-0.3896,1]},{"frame":101,"values":[0.8006,-0.1378,0.5831,0,-0.018,-0.9783,-0.2065,0,0.5989,0.1549,-0.7857,0,0.0584,-0.2535,-0.3852,1]},{"frame":102,"values":[0.8006,-0.1378,0.5831,0,-0.018,-0.9783,-0.2065,0,0.5989,0.1549,-0.7857,0,0.0543,-0.2573,-0.3808,1]},{"frame":103,"values":[0.8006,-0.1378,0.5831,0,-0.018,-0.9783,-0.2065,0,0.5989,0.1549,-0.7857,0,0.0503,-0.2608,-0.3763,1]},{"frame":104,"values":[0.8006,-0.1378,0.5831,0,-0.018,-0.9783,-0.2065,0,0.5989,0.1549,-0.7857,0,0.0462,-0.264,-0.3719,1]},{"frame":105,"values":[0.8006,-0.1378,0.5831,0,-0.018,-0.9783,-0.2065,0,0.5989,0.1549,-0.7857,0,0.0423,-0.2669,-0.3674,1]},{"frame":106,"values":[0.8006,-0.1378,0.5831,0,-0.018,-0.9783,-0.2065,0,0.5989,0.1549,-0.7857,0,0.0384,-0.2695,-0.3629,1]},{"frame":107,"values":[0.8006,-0.1378,0.5831,0,-0.018,-0.9783,-0.2065,0,0.5989,0.1549,-0.7857,0,0.0346,-0.2718,-0.3585,1]},{"frame":108,"values":[0.8006,-0.1378,0.5831,0,-0.018,-0.9783,-0.2065,0,0.5989,0.1549,-0.7857,0,0.031,-0.2738,-0.3543,1]},{"frame":109,"values":[0.8006,-0.1378,0.5831,0,-0.018,-0.9783,-0.2065,0,0.5989,0.1549,-0.7857,0,0.0276,-0.2755,-0.3504,1]},{"frame":110,"values":[0.8006,-0.1378,0.5831,0,-0.018,-0.9783,-0.2065,0,0.5989,0.1549,-0.7857,0,0.0254,-0.2764,-0.3477,1]},{"frame":120,"values":[0.8006,-0.1378,0.5831,0,-0.018,-0.9783,-0.2065,0,0.5989,0.1549,-0.7857,0,0.0254,-0.2764,-0.3477,1]}],"loopBehavior":1,"name":"anim","property":"_matrix"}},
{"name":"Bone.003","index":3,"matrix":[0.0198,-0.0796,0.9966,0,0.9879,0.1551,-0.0073,0,-0.154,0.9847,0.0817,0,0.809,0.0937,0.0165,1],"parentBoneIndex":0,"animation":{"dataType":3,"framePerSecond":24,"keys":[{"frame":0,"values":[0.0198,-0.0796,0.9966,0,0.9879,0.1551,-0.0073,0,-0.154,0.9847,0.0817,0,0.809,0.0937,0.0165,1]},{"frame":2,"values":[0.0154,-0.0796,0.9967,0,0.9879,0.1551,-0.0029,0,-0.1544,0.9847,0.081,0,0.809,0.0937,0.0165,1]},{"frame":3,"values":[0.002,-0.0794,0.9968,0,0.9878,0.1553,0.0104,0,-0.1556,0.9847,0.0787,0,0.809,0.0937,0.0165,1]},{"frame":4,"values":[-0.0206,-0.0791,0.9967,0,0.9873,0.1556,0.0327,0,-0.1577,0.9847,0.0749,0,0.809,0.0937,0.0165,1]},{"frame":5,"values":[-0.0521,-0.0787,0.9955,0,0.9857,0.156,0.0639,0,-0.1604,0.9846,0.0694,0,0.809,0.0937,0.0165,1]},{"frame":6,"values":[-0.0922,-0.0782,0.9927,0,0.9822,0.1566,0.1036,0,-0.1635,0.9846,0.0624,0,0.809,0.0937,0.0165,1]},{"frame":7,"values":[-0.1401,-0.0776,0.9871,0,0.976,0.1573,0.1509,0,-0.167,0.9845,0.0537,0,0.809,0.0937,0.0165,1]},{"frame":8,"values":[-0.1943,-0.077,0.9779,0,0.966,0.1581,0.2044,0,-0.1704,0.9844,0.0437,0,0.809,0.0937,0.0165,1]},{"frame":9,"values":[-0.2531,-0.0764,0.9644,0,0.9518,0.159,0.2624,0,-0.1734,0.9843,0.0325,0,0.809,0.0937,0.0165,1]},{"frame":10,"values":[-0.3142,-0.0759,0.9463,0,0.9329,0.1601,0.3226,0,-0.176,0.9842,0.0205,0,0.809,0.0937,0.0165,1]},{"frame":11,"values":[-0.3751,-0.0754,0.9239,0,0.9098,0.1612,0.3825,0,-0.1777,0.984,0.0081,0,0.809,0.0937,0.0165,1]},{"frame":12,"values":[-0.4334,-0.0749,0.8981,0,0.8833,0.1623,0.4398,0,-0.1787,0.9839,-0.0041,0,0.809,0.0937,0.0165,1]},{"frame":13,"values":[-0.4869,-0.0746,0.8703,0,0.8549,0.1633,0.4923,0,-0.1788,0.9838,-0.0157,0,0.809,0.0937,0.0165,1]},{"frame":14,"values":[-0.5342,-0.0743,0.8421,0,0.8263,0.1643,0.5387,0,-0.1784,0.9836,-0.0263,0,0.809,0.0937,0.0165,1]},{"frame":15,"values":[-0.5742,-0.0742,0.8153,0,0.7992,0.1652,0.5779,0,-0.1775,0.9835,-0.0356,0,0.809,0.0937,0.0165,1]},{"frame":16,"values":[-0.6067,-0.074,0.7915,0,0.7751,0.1659,0.6096,0,-0.1764,0.9834,-0.0432,0,0.809,0.0937,0.0165,1]},{"frame":17,"values":[-0.6314,-0.074,0.7719,0,0.7554,0.1665,0.6338,0,-0.1754,0.9833,-0.0492,0,0.809,0.0937,0.0165,1]},{"frame":18,"values":[-0.6487,-0.0739,0.7575,0,0.7408,0.1669,0.6507,0,-0.1745,0.9832,-0.0535,0,0.809,0.0937,0.0165,1]},{"frame":19,"values":[-0.6588,-0.0739,0.7486,0,0.7319,0.1671,0.6606,0,-0.1739,0.9832,-0.056,0,0.809,0.0937,0.0165,1]},{"frame":20,"values":[-0.6622,-0.0739,0.7457,0,0.7289,0.1672,0.6639,0,-0.1737,0.9831,-0.0568,0,0.809,0.0937,0.0165,1]},{"frame":61,"values":[-0.6593,-0.0739,0.7482,0,0.7315,0.1671,0.6611,0,-0.1739,0.9832,-0.0561,0,0.809,0.0937,0.0165,1]},{"frame":62,"values":[-0.6514,-0.0739,0.7552,0,0.7385,0.1669,0.6533,0,-0.1744,0.9832,-0.0541,0,0.809,0.0937,0.0165,1]},{"frame":63,"values":[-0.6387,-0.074,0.7659,0,0.7493,0.1666,0.641,0,-0.175,0.9832,-0.051,0,0.809,0.0937,0.0165,1]},{"frame":64,"values":[-0.6218,-0.074,0.7796,0,0.7631,0.1662,0.6245,0,-0.1758,0.9833,-0.0469,0,0.809,0.0937,0.0165,1]},{"frame":65,"values":[-0.6009,-0.0741,0.7959,0,0.7795,0.1658,0.604,0,-0.1767,0.9834,-0.0419,0,0.809,0.0937,0.0165,1]},{"frame":66,"values":[-0.5761,-0.0742,0.814,0,0.7979,0.1652,0.5798,0,-0.1775,0.9835,-0.036,0,0.809,0.0937,0.0165,1]},{"frame":67,"values":[-0.5476,-0.0743,0.8334,0,0.8176,0.1646,0.5518,0,-0.1781,0.9836,-0.0294,0,0.809,0.0937,0.0165,1]},{"frame":68,"values":[-0.5155,-0.0744,0.8537,0,0.8381,0.1639,0.5204,0,-0.1786,0.9837,-0.0221,0,0.809,0.0937,0.0165,1]},{"frame":69,"values":[-0.4799,-0.0746,0.8742,0,0.8589,0.1632,0.4854,0,-0.1789,0.9838,-0.0142,0,0.809,0.0937,0.0165,1]},{"frame":70,"values":[-0.4409,-0.0749,0.8944,0,0.8796,0.1624,0.4472,0,-0.1787,0.9839,-0.0057,0,0.809,0.0937,0.0165,1]},{"frame":71,"values":[-0.3989,-0.0752,0.9139,0,0.8995,0.1616,0.4059,0,-0.1782,0.984,0.0032,0,0.809,0.0937,0.0165,1]},{"frame":72,"values":[-0.354,-0.0755,0.9322,0,0.9183,0.1608,0.3617,0,-0.1772,0.9841,0.0125,0,0.809,0.0937,0.0165,1]},{"frame":73,"values":[-0.3065,-0.0759,0.9488,0,0.9355,0.1599,0.315,0,-0.1757,0.9842,0.022,0,0.809,0.0937,0.0165,1]},{"frame":74,"values":[-0.257,-0.0764,0.9634,0,0.9507,0.1591,0.2662,0,-0.1736,0.9843,0.0317,0,0.809,0.0937,0.0165,1]},{"frame":75,"values":[-0.2059,-0.0769,0.9755,0,0.9635,0.1583,0.2159,0,-0.171,0.9844,0.0415,0,0.809,0.0937,0.0165,1]},{"frame":76,"values":[-0.154,-0.0775,0.985,0,0.9737,0.1575,0.1647,0,-0.1679,0.9845,0.0512,0,0.809,0.0937,0.0165,1]},{"frame":77,"values":[-0.1023,-0.0781,0.9917,0,0.9811,0.1567,0.1135,0,-0.1643,0.9846,0.0606,0,0.809,0.0937,0.0165,1]},{"frame":78,"values":[-0.0523,-0.0787,0.9955,0,0.9857,0.156,0.0641,0,-0.1604,0.9846,0.0694,0,0.809,0.0937,0.0165,1]},{"frame":79,"values":[-0.0074,-0.0793,0.9968,0,0.9877,0.1554,0.0197,0,-0.1565,0.9847,0.0771,0,0.809,0.0937,0.0165,1]},{"frame":80,"values":[0.0198,-0.0796,0.9966,0,0.9879,0.1551,-0.0073,0,-0.154,0.9847,0.0817,0,0.809,0.0937,0.0165,1]},{"frame":111,"values":[0.0198,-0.0796,0.9966,0,0.9879,0.1551,-0.0073,0,-0.154,0.9847,0.0817,0,0.6414,0.1924,0.0152,1]},{"frame":112,"values":[0.0198,-0.0796,0.9966,0,0.9879,0.1551,-0.0073,0,-0.154,0.9847,0.0817,0,0.8127,0.3751,0.0128,1]},{"frame":113,"values":[0.0198,-0.0796,0.9966,0,0.9879,0.1551,-0.0073,0,-0.154,0.9847,0.0817,0,1.0023,0.1153,0.0162,1]},{"frame":114,"values":[0.0198,-0.0796,0.9966,0,0.9879,0.1551,-0.0073,0,-0.154,0.9847,0.0817,0,1.0958,0.5,0.0112,1]},{"frame":120,"values":[0.0198,-0.0796,0.9966,0,0.9879,0.1551,-0.0073,0,-0.154,0.9847,0.0817,0,1.0958,0.5,0.0112,1]}],"loopBehavior":1,"name":"anim","property":"_matrix"}},
